Mixture	Macrophages	Epithelial_1	T cell	Mesenchymal	Endothelial	Epithelial_2	CAFs	Dendritic	Epithelial_3	P-value	Correlation	RMSE
TCGA-30-1857-01A	0.0799374183609391	0.485369468935829	0	0.0273253087559441	0.00953798977406502	0	0.180816688851228	0	0.217013125321996	0	0.563983127886051	0.829516355521427
TCGA-13-1407-01A	0	0.944566971564815	0	0.0334107973972539	0.0139182605084006	0	0.000953782632180674	0	0.00715018789734969	0.002	0.322244732169386	0.953079742766879
TCGA-24-1552-01A	0.0043507028348607	0.591548543021538	0	0.0557862309580011	0.00791084188675428	0	0.0150681004993778	0	0.325335580799468	0	0.502957026567602	0.868973089013484
TCGA-23-1026-01B	0.103262150949787	0.571636460224905	0	0.0110616921133787	0.00848056845535513	0	0.104172660619013	0	0.201386467637561	0	0.633167565348295	0.800686449049365
TCGA-61-2092-01A	0.0196120734124086	0.49551685311126	0	0.0474067220319926	0	0.0275474448936597	0	0.0566596564147543	0.353257250135925	0.002	0.302470486602618	0.960918931906728
TCGA-29-1703-01A	0.0527563378608609	0.640348732337657	0	0.0527721531724071	0.0168131103256468	0.0211226212643816	0.022325960815409	0	0.193861084223637	0	0.570698966695922	0.838656969137415
TCGA-24-1422-01A	0.0954968379511365	0.47745164817407	0	0.0422503816226914	0	0	0.292967485852818	0	0.0918336463992836	0	0.705854099839166	0.713499803417252
TCGA-61-1737-01A	0.0717209995575575	0.32874291521335	0	0.0832626076734268	0	0	0.294553683648498	0	0.221719793907168	0	0.702530658157188	0.713492994895531
TCGA-13-0768-01A	0.168738584039975	0.305908618314506	0	0.0403864880522734	0.0191159758227329	0	0.300437953418144	0	0.165412380352369	0	0.616987885291142	0.787239599029158
TCGA-13-1411-01A	0.222927807705304	0.415250726035324	0	0.0808846610475272	0.000564397773226223	0	0.224526128347001	0	0.055846279091617	0	0.664613493175032	0.750637656190983
TCGA-09-1659-01B	0.0688077890985017	0.635714780412337	0	0.0669417486979368	0.017764355372027	0	0.0192897648357648	0	0.191481561583432	0	0.447268081875032	0.895886727655152
TCGA-13-1408-01A	0.052846245535066	0.497560585956989	0	0.124774754226335	0.0133454244592768	0	0.260726207064511	0.00507645511715638	0.0456703276406656	0	0.696525616968788	0.720023381008253
TCGA-29-1777-01A	0.0794937960240358	0.500001122384782	0	0.0363063571268899	0.00957645417154179	0	0.107169435499511	0	0.26745283479324	0	0.381405847330523	0.926093944757248
TCGA-61-2102-01A	0.101677403379156	0.228614500742677	0	0.526490320089511	0.0465205746314577	0	0.0610810789098993	0.0356161222472988	0	0	0.413032498973716	0.960149253139651
TCGA-13-0893-01B	0.0521774576255651	0.713267147479635	0	0.0328152793445045	0.0176013908219751	0.0057362055279654	0.0727786204805621	0.0126454198540007	0.0929784788657917	0	0.52569734235987	0.858104252263313
TCGA-29-1695-01A	0.147562754421208	0.44455127729507	0	0.0685279764321289	0	0	0.202636552616292	0	0.136721439235301	0	0.534791725342104	0.844942554388327
TCGA-29-1694-01A	0.0528523082030604	0.638187994347809	0	0.0190874386643405	0.00607766798667997	0	0.123958736664499	0	0.159835854133611	0	0.473230551466901	0.881900500912475
TCGA-24-1544-01A	0.00686476154890969	0.768381427624521	0	0.0559736629756228	0.000676815163735585	0.029128947114315	0	0.0199961753382703	0.118978210234626	0	0.444324408111452	0.897215597544906
TCGA-25-1316-01A	0.0266106569017957	0.684517456779263	0	0.219154259712392	0.0103911837189126	0	0	0.0593264428876367	0	0.002	0.27709274981623	0.973887412305412
TCGA-23-1023-01A	0.0606447068047019	0.511563469936535	0	0.17190774583364	0.0588604136123285	0.00844574444179865	0.0573444375974246	0	0.131233481773571	0	0.508833636994866	0.863670985671456
TCGA-OY-A56Q-01A	0	0.946289303951309	0	0.0280305033413062	0.0256801927073851	0	0	0	0	0.002	0.299772852596346	0.962971494133493
TCGA-29-2427-01A	0.213523974569615	0.378966052812355	0	0.0297232360513155	0.00389672210987387	0	0.113704849116692	0.0228820932850666	0.237303072055082	0	0.633954286339213	0.789264055651292
TCGA-23-1120-01A	0.0991993216077034	0.72708033878575	0	0.112622775785969	0.0155163714479077	0	0.0319625613127547	0.00431098332357943	0.00930764773633557	0	0.525302202719227	0.858074839562064
TCGA-13-1509-01A	0.0829943345411935	0.421893782810299	0	0.0817925211840133	0.00544059957916265	0.00855587816653018	0.200164374341866	0.0420240480024827	0.157134461374453	0	0.397636078568726	0.928254786220808
TCGA-61-2104-01A	0.0885523044937655	0.71240151471357	0	0.0410352051378063	0.0127939206889587	0.00451269729235583	0.0217655615843756	0	0.118938796089168	0	0.479081329308551	0.881256016265676
TCGA-13-1501-01A	0.0238518602898703	0.56443163182479	0	0.0887515611562753	0.00862300510991517	0	0.107430460047403	0.0184132837846336	0.188498197787113	0	0.512508948459914	0.861206597514981
TCGA-13-0924-01A	0.108720964353941	0.531834669392716	0	0.0488738902842472	0.00812765044869134	0	0.0843145312235153	0	0.218128294296889	0	0.568101711987851	0.835149330340682
TCGA-13-1405-01A	0.0353174314918601	0.576943535272903	0	0.0444537135436714	0.0132655545940882	0	0.177717604225637	0	0.15230216087184	0	0.511308913720065	0.859817316881963
TCGA-13-1410-01A	0.0400456914149978	0.629053558065246	0	0.086579762191126	0.00805316715385418	0	0.0831976375875423	0.000822277436282179	0.152247906150951	0.002	0.287325827460491	0.968665975087056
TCGA-04-1343-01A	0.0500764309531455	0.640428991339949	0	0.0272729465742917	0.00478413742047147	0	0.125951426141814	0	0.151486067570328	0	0.490401983587726	0.873130718914179
TCGA-24-1103-01A	0.0113288882869555	0.607413232338561	0	0.0394349790555111	0.00711274710532494	0.0143484144865312	0	0.0111899492090198	0.309171789518096	0	0.550826138894245	0.845783490585377
TCGA-29-2425-01A	0.0326698252291127	0.807111337649221	0	0.104507153782944	0.00956365629147404	0	0	0	0.0461480270472489	0	0.417347132176231	0.909518308679331
TCGA-09-0366-01A	0.217758320191676	0.60766010802896	0	0.0196626940783355	0.00243450386806185	0.00989320118328414	0	0	0.142591172649683	0	0.457395884679763	0.889675582676567
TCGA-24-1553-01A	0.154569547932714	0.711518191422029	0	0.0597707242986751	0.0163055461171444	0.00362752795938161	0.0013936533511315	0	0.0528148089189242	0	0.608370474469995	0.81668516309143
TCGA-23-1109-01A	0.0554325686290821	0.679936554403987	0	0.0496291035889792	0.0230899985021287	0.00220764259198507	0.102905679638862	0	0.0867984526449763	0	0.54880993319714	0.844360289622115
TCGA-24-2035-01A	0.116773713321738	0.325293326601216	0	0.0814432122294541	0.0405984327259224	0	0.307318738685783	0	0.128572576435887	0	0.561213069259274	0.83493340305789
TCGA-24-1413-01A	0.0480506094355719	0.67806797354943	0	0.0370590382855829	0.0069944246071423	0.0697747723862078	0.000779260973284602	0.00337812713857699	0.155895793624204	0	0.467791968402566	0.886537155498601
TCGA-59-2350-01A	0.037446781316584	0.52062647276408	0	0.102087414915739	0	0	0	0	0.339839331003597	0	0.582846745614005	0.830666545579148
TCGA-61-2008-01A	0.0672614062076287	0.668795110121603	0	0.20636335122223	0.02282948191022	0	0.0128005748010463	0.00583749758846675	0.016112578148805	0	0.552275357466494	0.843206413838771
TCGA-24-1558-01A	0.0407015513623048	0.799187368928759	0	0.0403226967260404	0.00579995550422845	0	0.012321440081982	0.00939004561208424	0.092276941784601	0	0.414353060400273	0.910835552654227
TCGA-61-2012-01A	0.13889838100939	0.582966392267999	0	0.0792316170715252	0	0	0.0089361828167657	0	0.18996742683432	0	0.459585939238344	0.889692408604907
TCGA-23-1029-01B	0.0293878726659689	0.642595163583421	0	0.176968471080331	0.0165589087136542	0.00158537709126698	0	0.00130142336319324	0.131602783502164	0	0.575601814225534	0.835217821075637
TCGA-23-1021-01B	0.0443023290420404	0.712339607044105	0	0.0478032816358677	0.0197220194541941	0.00818116079249064	0.0141158807875029	0.0272142189478704	0.126321502295929	0	0.516156210458221	0.864164479922226
TCGA-29-1690-01A	0.154140559362347	0.579792878393473	0	0.0374530580258212	0.019569644555612	0.0216977894107604	0.119906079732382	0	0.0674399905196036	0	0.560762006765665	0.835146258237423
TCGA-29-1763-01A	0.0344539700794396	0.541488243135528	0	0.204581682762611	0.0185104656441824	0.0162496409168561	0	0	0.184715997461382	0	0.582818791946651	0.83037096037536
TCGA-04-1542-01A	0.00846255232024556	0.88997958288332	0	0.0431903605356952	0.0168540579731341	0.00244310401359981	0	0.00517454185128888	0.0338958004227164	0	0.50159861895395	0.870281566544388
TCGA-23-2078-01A	0.0564109310758558	0.572663823184583	0	0.0909597970664765	0.00533733026310864	0	0.206511902341558	0.054733117185452	0.0133830988829661	0	0.684690029867358	0.7403754961018
TCGA-13-A5FT-01A	0.015930191474178	0.669733254995114	0	0.0636484542923459	0.013472314436785	0.0117670555909734	0	0.0543123624368874	0.171136366773716	0	0.521612545634024	0.861290445853806
TCGA-25-1329-01A	0.0591835974958963	0.68712946432384	0	0.0396863829488166	0	0	0.146170338531474	0	0.067830216699973	0	0.565023595955459	0.831744417212971
TCGA-25-1319-01A	0.0572358002476545	0.510776901381626	0	0.0960606871428003	0.0177652362718366	0.0275786958045908	0	0	0.290582679151492	0	0.516135723743427	0.864255726692223
TCGA-04-1356-01A	0.0185930259687118	0.545268537043263	0	0.0766351826440986	0	0.0105651634130733	0.0444724323057526	0.0144703096589148	0.289995348966186	0	0.553949202166391	0.843921932304639
TCGA-25-1635-01A	0.0818005685617642	0.462543509179983	0	0.0375213481977758	0	0.0090783587143986	0.289438158859837	0.00397053265387728	0.115647523832365	0	0.590632605597558	0.807130414562213
TCGA-WR-A838-01A	0	0.626979260751059	0	0.130422674548595	0	0	0	0.0427623739593523	0.199835690740994	0	0.481898551308641	0.879731869207751
TCGA-36-1580-01A	0.0853785184173782	0.467564032518516	0	0.0748171098482184	0	0	0.302734048256353	0.00661967970374641	0.0628866112557882	0	0.492225816225246	0.885685179068327
TCGA-61-1738-01A	0.0692439867426354	0.610696058030466	0	0.0302716307222552	0.00295591659269225	0	0	0.00613448665946374	0.280697921252488	0	0.557607597816979	0.842660499497129
TCGA-09-1669-01A	0.0611180743322229	0.615583440515296	0	0.208947080529415	0.014011190996438	0	0	0.0133993872434504	0.0869408263831776	0	0.540798104680558	0.850415118864979
TCGA-25-2404-01A	0.0499091340327862	0.515172440418267	0	0.100638002283778	0.00968365081705607	0	0.128256934857393	0	0.19633983759072	0	0.473774595275128	0.880740911697578
TCGA-36-1569-01A	0.0951502794280498	0.49822439271909	0	0.0989467399190356	0.0131442347028323	0	0.245383087059692	0.028043872788148	0.0211073933831521	0	0.583632312113378	0.812298623362332
TCGA-61-1918-01A	0.073795945970129	0.690728524138025	0	0.0605012386434183	0.0255103140159681	0	0.0150464074875678	0.0020077378160381	0.132409831928854	0	0.591059436036997	0.828978880112342
TCGA-24-1842-01A	0.13242655579732	0.530225230548335	0	0	0	0	0.0952512918551234	0	0.242096921799221	0	0.571491437355087	0.832614785526714
TCGA-24-0970-01B	0.0628714344709625	0.555719136781726	0	0.150598596479908	0.0111975780213359	0.00110692267333264	0.154807618894868	0.023075219220946	0.0406234934569207	0	0.602689386678195	0.801605005314784
TCGA-25-1322-01A	0.0768015617525635	0.590281119853761	0	0.0500609592503726	0	0	0.0530820098924819	0	0.229774349250821	0	0.6150668019314	0.814148544240904
TCGA-29-1781-01A	0.273141103946	0.478134253122487	0	0.0310195410327111	0.0291973998600993	0	0.00631097002347073	0.0538251481664797	0.128371583848752	0	0.549708873710092	0.837717247631542
TCGA-25-1328-01A	0.0584678138340568	0.539324642608394	0	0.15749205031669	0.0122347268644766	0.00136681966338233	0.188549300201607	0	0.0425646465113933	0	0.623601281162155	0.783752717422406
TCGA-24-1924-01A	0.148360006424157	0.45915491871009	0	0.0318781419154935	0.00799333396506817	0	0.00306716594574481	0	0.349546433039447	0	0.628576993745392	0.802917884787284
TCGA-25-1634-01A	0	0.835037935200361	0	0.101716141174866	0	0	0	0	0.0632459236247734	0.002	0.321710335141836	0.951836152357715
TCGA-31-1950-01A	0.0643492400815173	0.641251884874461	0	0.0169286750606582	0.0129386070204	0.00110883068920314	0	0.00483841839876408	0.258584343874996	0	0.598870671344544	0.822179835985882
TCGA-13-1505-01A	0.0164596597474939	0.505287259167361	0	0.192430098929092	0	0	0.198035928590768	0.00630898777283411	0.0814780657924505	0	0.526264279519169	0.853839122488659
TCGA-30-1714-01A	0.0172155321459204	0.707099746950593	0	0.0486501912477795	0.000402901660344336	0.0303496808291478	0	0.0211741788267086	0.175107768339506	0.002	0.339928620275534	0.943491913403127
TCGA-20-1687-01A	0.0659625705983657	0.617240426573476	0	0.03432631944476	0.0240058371847374	0.0080389170545467	0.085119649412703	0	0.165306279731411	0	0.518433651672113	0.86125372605073
TCGA-25-1323-01A	0.0243722551730742	0.553614725309964	0	0.23179108883467	0.00162515142841442	0	0.0464903442620586	0	0.142106434991819	0	0.488977160682411	0.872970448501583
TCGA-24-2281-01A	0.143562406301169	0.609003681573696	0	0.0325942239426821	0.0055717144361091	0.00255680535162442	0.014587569929982	0.0141029488665934	0.178020649598145	0	0.60221839080712	0.819295974259336
TCGA-13-1477-01A	0.0301510329685932	0.761567627560885	0	0.130426177892521	0.0146552838369682	0.00709960215699835	0.0414230364928523	0	0.0146772390911817	0	0.386358897207381	0.923594836154472
TCGA-31-1959-01A	0.117140960369574	0.366612609538199	0	0.152509451209167	0.00765154932399779	0	0.226584239060839	0	0.129501190498223	0	0.700130808527335	0.718948218933102
TCGA-13-0804-01A	0.0939777321068172	0.786523875571364	0	0.00877731675880887	0.0147137012250679	0.000573545236976654	0.00278682421137879	0.000430128580393261	0.0922168763091928	0	0.49410961916349	0.873539553798325
TCGA-09-2044-01B	0.128336567988511	0.473227370681386	0	0.0376859805309619	0.02315054300511	0	0	0.0166385285481288	0.320961009245902	0	0.540378985676345	0.849788494969193
TCGA-25-2398-01A	0.0585758311461436	0.452625694471843	0	0.117363775080287	0	0	0.339100449950413	0	0.0323342493513131	0	0.681838601610623	0.733534913982257
TCGA-61-2110-01A	0.0244470184187235	0.583440001166205	0	0.124054883557817	0.00434299884619896	0	0	0	0.263715098011055	0	0.471567666213384	0.884613942177369
TCGA-13-0916-01A	0.0227283113721373	0.694125315815885	0	0.0500947672698914	0.0482522539009007	0.0140607781045171	0	0.0499323381020241	0.120806235434645	0	0.486128524849756	0.878230989551959
TCGA-13-0714-01A	0.0510687478397197	0.627082094612664	0	0.040209748408033	0.0144318877629425	0	0.126913628811024	0	0.140293892565617	0	0.585356563146168	0.823129345449157
TCGA-36-1576-01A	0.122281498653049	0.398653934519645	0	0.0967446891934756	0.00567025219551225	0	0.26599225789116	0	0.110657367547158	0	0.658839638733773	0.752887629556381
TCGA-24-1846-01A	0.129423682228537	0.549368352779904	0	0.0320083487395429	0	0	0.0885622708143707	0.0106817179579913	0.189955627479654	0	0.540117075656061	0.848719660868442
TCGA-24-2280-01A	0.0562402555955119	0.49151570042679	0	0.134867165765969	0.0285912081147857	0	0.265788127918973	0.00119850626988809	0.021799035908082	0	0.743541169234004	0.674837727372394
TCGA-09-1667-01C	0.106588590510714	0.61528511615162	0	0.0662972830836834	0.00522973897507678	0	0.0372251037982644	0	0.169374167480642	0	0.463315225249659	0.888080657213723
TCGA-25-1326-01A	0.119950430558868	0.492707421819965	0	0.076625787997948	0	0	0.166737009993889	0	0.14397934962933	0	0.575939165438701	0.821110077167197
TCGA-29-1711-01A	0.0922304929303072	0.646819654703265	0	0.0326569830713127	0.0118814664731906	0	0.0614993247623477	0	0.154912078059577	0	0.483845383606798	0.878343142109929
TCGA-09-1673-01A	0.0911262320933839	0.703022026944772	0	0.0770063518665138	0.0706225184979315	0	0	0.0568066008116026	0.00141626978579592	0	0.449242220215671	0.894496408423158
TCGA-24-0979-01A	0.026192192296766	0.715513261232071	0	0.0677311358245311	0.0119350222239579	0.0707415070533761	0	0.00117000270523553	0.106716878664062	0	0.563898324005863	0.842285192294991
TCGA-24-2267-01A	0.142979185848794	0.652435474121393	0	0.0509401005589936	0.0237690750104593	0	0.00792337050302332	0.023670600236255	0.0982821937210821	0	0.626557624377717	0.807080168519511
TCGA-13-0765-01A	0.05778499963886	0.806795387820655	0	0	0	0	0.000490302534233374	0	0.134929310006252	0	0.553946128242096	0.84388857860108
TCGA-24-0966-01A	0.0490700223473217	0.742446006514542	0	0.0289648426590605	0.0127042569746849	0.103585629369917	0	0	0.0632292421344737	0	0.471777389810491	0.884538605043789
TCGA-23-1022-01A	0.0128508889855112	0.674218012470008	0	0.0887452939649977	0.00862259134689889	0	0	0	0.215563213232585	0	0.435987102234143	0.900980061373843
TCGA-29-1783-01A	0.0793198818356019	0.628634895275438	0	0.126985631473203	0.0137066049591131	0.0214841798401851	0.0457041190406883	0.011311311290481	0.0728533762852887	0	0.49918173536251	0.870323784200022
TCGA-25-1312-01A	0.0452274726853024	0.770026392420662	0	0.0869028723703842	0.0159891314816162	0.00568547244028732	0.00269365454538214	0.00837792948496851	0.0650970745713971	0	0.477457387311644	0.882395955523683
TCGA-24-1419-01A	0.0134824161146108	0.793899900316225	0	0.112144976655655	0.0182735197036748	0.0144743723110398	0	0.0436231417311116	0.00410167316768326	0	0.430365631541814	0.903557813527894
TCGA-13-1498-01A	0.0701150200903822	0.712759322221098	0	0.0570230242389125	0.00438164909167551	0.0197493849065407	0.0465320636760238	0.00688186683816045	0.0825576689372072	0	0.479044539381788	0.880892540278414
TCGA-24-1469-01A	0.0372192505830861	0.657457054196918	0	0.0317606620318101	0	0	0	0	0.273563033188186	0	0.575003921693374	0.834042624361118
TCGA-25-1877-01A	0.0934157141374463	0.512342676501189	0	0.192058512177291	0.014282278912289	0	0	0.0869772170197782	0.100923601252006	0.004	0.249885943794087	0.985907027004028
TCGA-24-2261-01A	0.133497489556374	0.58966431964223	0	0.0353187603219938	0.00342183775354342	0	0.130638062423267	0.00931269325966964	0.0981468370429224	0	0.60871544461591	0.807914989103132
TCGA-61-2003-01A	0.118491907405144	0.443462546454766	0	0.202808334039204	0.0176064952860783	0	0.147285831558959	0	0.0703448852558491	0	0.627266153963643	0.782143790982554
TCGA-24-1847-01A	0.159495988059914	0.584207397545452	0.00132022712387876	0.0796491793892071	0.020354218431559	0.00883089978830486	0.0234933468256079	0	0.122648742836076	0	0.669789539698585	0.784678345290519
TCGA-04-1514-01A	0	0.693020526908764	0	0.264341242072404	0	0.0246146991836472	0	0.0180235318351847	0	0	0.480569575412602	0.878067933126901
TCGA-25-1313-01A	0.105329608489365	0.525103716941308	0	0.131306570848797	0.0106385262466538	0	0.0227720017291531	0	0.204849575744723	0	0.49758830587595	0.871786809441246
TCGA-57-1993-01A	0.0529553089000424	0.676184587083915	0	0.0827512529607248	0	0.0254860987050725	0	0	0.162622752350245	0	0.585173572481796	0.832115261836624
TCGA-10-0933-01A	0	0.548893167684293	0.00379149582846122	0.247938780024598	0.0133929982239263	0	0	0	0.185983558238721	0	0.378406949134376	0.92743564892322
TCGA-13-0725-01A	0.0711018371984907	0.502874395582267	0	0.0494902567801557	0.00571009860830034	0	0.0903613297910303	0	0.280462082039756	0	0.521774508966768	0.858120196358436
TCGA-10-0936-01A	0.0447085054518089	0.706724645072496	0	0.00546641461586393	0.00666321811778903	0.0883423519794908	0	0.000264665552931269	0.14783019920962	0	0.572156703063978	0.835989138867254
TCGA-61-1910-01A	0.0489741961456528	0.890987591332071	0	0.0280555034155773	0.0218075631195105	0	0.00191670037772231	0.000433559942988088	0.00782488566647778	0	0.471288055159106	0.884601125030925
TCGA-25-2401-01A	0.163665497837719	0.4363462163943	0	0.0787932876335807	0.00622101532419873	0	0.20610725132273	0	0.108866731487472	0	0.61662021987864	0.789935205901926
TCGA-25-2400-01A	0.0467273472314264	0.509851357902508	0	0.0889975739444302	0	0	0	0	0.354423720921636	0.002	0.291712128385686	0.964457205862287
TCGA-04-1365-01A	0.110708522544984	0.629238942939124	0	0.0262814596526172	0.00950660982833163	0.0086723145062738	0.00305461562779669	0	0.212537534900873	0	0.597202455882903	0.823421437668756
TCGA-61-1733-01A	0.0322057510531897	0.667598714443007	0	0.070208857260928	0	0	0.160759819191779	0	0.0692268580510962	0	0.474550047717923	0.880563985733057
TCGA-57-1585-01A	0.113871998079942	0.441352495730897	0	0.0439122528509058	0	0.0190588423052045	0.329958034704424	0	0.0518463763286279	0	0.713191937502213	0.70210755836715
TCGA-25-1632-01A	0	0.856466038535369	0	0.0879631855429995	0.0189959569954077	0.0237270657570972	0.00711871369149096	0	0.00572903947763561	0	0.514336549810725	0.864481747578438
TCGA-25-1321-01A	0.0246248334935473	0.684028619392724	0	0.101168532899519	0.0100159804149995	0.0316182982327923	0	0	0.148543735566419	0	0.4831772103689	0.87997357544356
TCGA-13-0887-01A	0.0406436305335225	0.512928068641849	0	0.0661416093963073	0.00618560933868544	0.0044498412453409	0.0172270545333599	0	0.352424186310935	0	0.565696195241725	0.838512568227875
TCGA-04-1651-01A	0.0236702165210046	0.703373734816349	0	0.015191897867751	0.00513226482000429	0	0	0.000144373072299136	0.252487512902592	0	0.465279752153894	0.886956530064974
TCGA-13-1510-01A	0.0297513503841418	0.592103938112718	0	0.0447456303604955	0.0218439413639733	0.0100288573958115	0.0171898329223704	0.0160616354088986	0.268274814051591	0	0.513248310395052	0.865069303180437
TCGA-24-1104-01A	0.0687513287351534	0.641043384597379	0	0.0589743552757241	0.0116532177469852	0	0.0129212787422542	0	0.206656434902504	0	0.514019155725211	0.865232268350251
TCGA-29-1696-01A	0.0493552593162864	0.542355208767026	0	0.0393510088941455	0.0154533066353563	0.121439451550553	0	0.0127521702035463	0.219293594633086	0	0.539267231838853	0.85307511530754
TCGA-25-2392-01A	0.240076743695603	0.583805710069432	0	0.0400913063952575	0.0101530887542836	0.00442827272136977	0.0082757502300651	0.0124275940418604	0.100741534092129	0	0.573735704749171	0.828014331403798
TCGA-23-1119-01A	0.0719899946354674	0.42725872242881	0	0.097021315873679	0.00590846544463244	0.01197585914319	0.0476648394837223	0.00634503686098154	0.331835766129517	0	0.515376517857452	0.86201494391239
TCGA-24-1416-01A	0.0560670706228993	0.47649390664473	0	0.0655153113205341	0.0172755734245848	0.226831175053348	0	0.006143852537744	0.15167311039616	0	0.575097745056306	0.835192390771216
TCGA-29-1697-01A	0.0129509111715116	0.712173587428482	0	0.0645634552962063	0.00417995145435798	0.00768316498193547	0	0.0486052412727939	0.149843688394713	0	0.481135000566297	0.880201060904482
TCGA-04-1536-01A	0.0380472010377754	0.479983624860908	0	0.0467904193861352	0.00451479514198795	0	0	0.000520133388927145	0.430143826184266	0	0.504273803354893	0.867075952912191
TCGA-24-1928-01A	0.0502520609234722	0.519419763801587	0	0.0962589899833372	0.00159876103772677	0	0.198835426154331	0	0.133634998099546	0	0.672508556955598	0.752211460631421
TCGA-25-2409-01A	0.0543578322609181	0.704292939205762	0	0.0375189843773312	0.0111040002377281	0	0.0955194012441369	0	0.0972068426741236	0	0.560519104718439	0.839272070588879
TCGA-13-1489-01A	0.0146956493303273	0.812350492157362	0	0.0303232303974011	0.00506035045783094	0.0454706024408663	0	0.00811151910233868	0.0839881561138733	0.002	0.318541399323746	0.953328318997968
TCGA-13-0891-01A	0.0315246030350815	0.843327165748165	0	0.015111722070176	0.0183928278916079	0.0036081665182255	0.00420785749239686	0	0.0838276572443472	0	0.395162220473062	0.919635472567037
TCGA-61-2098-01A	0	0.492178002693244	0	0.238543207187021	0	0.0238656143336322	0	0	0.245413175786103	0	0.522878836366526	0.8575483881981
TCGA-13-1404-01A	0.0692341399016277	0.547663560476136	0	0.0655317286923823	0.0159959655709215	0.00588379800420411	0.175058503482316	0.0434078222746992	0.0772244815977134	0	0.436874070829142	0.902062797184109
TCGA-04-1341-01A	0.0172737039275271	0.792759227967455	0	0.0266092075696272	0	0	0.0493408797525328	0	0.114016980782858	0	0.417003265843518	0.909547601181246
TCGA-04-1361-01A	0.0620464672063579	0.51227371275318	0	0.184852449239094	0.019949603335615	0.00623832476316812	0.0108474234560075	0.0021903164337732	0.201601702812804	0	0.500055191826551	0.870407264485938
TCGA-24-2290-01A	0.121927928904196	0.664341031724421	0	0.00721057809422655	0.0101497750497518	0	0.0332341485394168	0	0.163136537687988	0	0.575164603336945	0.83392156449072
TCGA-23-1123-01A	0.108531721603691	0.758599300692472	0	0.0496056318593815	0.0298233444733104	0	0	0.0249034756240781	0.0285365257470666	0	0.480346750943663	0.880102927308576
TCGA-24-1428-01A	0.165244633213369	0.680738526274351	0	0.0349299340335638	0.00186795060248502	0	0.0101236114327814	0	0.107095344443449	0	0.61902131894801	0.809779927767526
TCGA-24-1474-01A	0.172460778331692	0.668306010256214	0	0.0647117381198876	0.0267244119720086	0	0	0.010071630450092	0.0577254308701062	0	0.444108644954511	0.896601635983169
TCGA-04-1530-01A	0.11409594087022	0.495207563641029	0	0.0454293635181898	0	0.00780075029620375	0.210126428254874	0	0.127339953419483	0	0.690766266532176	0.741614289884703
TCGA-13-0730-01A	0.0571818255001087	0.548729566981319	0	0.180760347775804	0.00441460283467928	0	0.120388817695633	0	0.0885248392124565	0	0.422569876669101	0.910051073481416
TCGA-13-1488-01A	0.0579130676377684	0.487714223319209	0	0.0245305384760586	0.0191561426314	0	0.0433986043711332	0.0227900658580185	0.344497357706413	0	0.599087856361745	0.820805455763557
TCGA-59-2355-01A	0.0479959248641399	0.618442281553002	0	0.0965642503175961	0.0117754562904884	0.009057060688564	0.0568203714687681	0	0.159344654817441	0	0.477455927353558	0.881058008425309
TCGA-30-1866-01A	0.0393530906010614	0.811312219174474	0	0.0236850571942283	0.00726317161242381	0	0.000254139378991422	0	0.118132322038821	0	0.501010670793623	0.87060191848685
TCGA-24-1418-01A	0.0426321647072043	0.622321133240657	0	0.074378949009804	0	0	0.175833129529883	0	0.0848346235124516	0	0.679656254663296	0.754716177398545
TCGA-30-1862-01A	0.0372190853856956	0.570139674615404	0	0.0806741059797268	0	0	0.215952396512389	0	0.0960147375067849	0	0.519035876708295	0.855352237579837
TCGA-61-2000-01A	0.0766994965345964	0.52406441490189	0	0.0523934306808473	0.0186625684702787	0	0.0700258885585899	0.0304146086746201	0.227739592179178	0	0.494221768278966	0.872566044668677
TCGA-09-2051-01A	0.0670653162913103	0.640440398568501	0	0.0357230693861663	0.0139284071816696	0.00504460041102585	0.0139216463827164	0.0592026653664773	0.164673896412134	0	0.586358842886852	0.828653126571939
TCGA-24-1551-01A	0.160013692548855	0.591357067331278	0	0.0324946709885516	0.0144952083654788	0.00116393707727388	0.0060832661825304	0.00446724251746899	0.189924914988564	0	0.607141103822265	0.816295215619732
TCGA-30-1853-01A	0.00350744768532915	0.945210345900784	0	0.0213141686871139	0.0150825877739226	0.00630892772823842	0.0022174965736056	0	0.00635902565100667	0	0.362834382644769	0.934945798797074
TCGA-09-1662-01A	0.0920971361542783	0.721112085759283	0	0.0603785672435435	0.01822494280337	0	0.0362039892610148	0.0235196815984096	0.0484635971801003	0	0.584650531343371	0.829492544442661
TCGA-24-1431-01A	0.0397546918976454	0.78659877404103	0	0.0070802952361268	0.000575902355529076	0	0.0257697678088767	0.0118319500012606	0.128388618659532	0	0.37790282470011	0.927285325677647
TCGA-59-2348-01A	0.0296532819482006	0.732044089749937	0	0.0386706520995373	0.0238494439295741	0	0.0541261465138492	0.0198926733858692	0.101763712373033	0	0.392486844692462	0.920467225000482
TCGA-24-2293-01A	0.12314293930656	0.357876309891225	0	0.0563397198765294	0	0	0.419971750363428	0	0.0426692805622583	0	0.844048738694969	0.537314734411542
TCGA-20-1686-01A	0.0132608950340052	0.39380509791192	0	0.126276556421924	0.0152575590090833	0	0	0.00576642045297768	0.44563347117009	0.004	0.232102115675714	0.992113339026855
TCGA-61-2009-01A	0.0989225798778412	0.505031739103803	0	0.102200638436578	0.00405139565571015	0	0.154313587723599	0	0.135480059202468	0	0.435966440431833	0.902059127795729
TCGA-29-1770-01A	0.0606601465169611	0.416036969140839	0	0.110522656051096	0.0248193187747304	0	0.157051253948695	0.00836998221072965	0.222539673356949	0	0.500106946930105	0.865942270187974
TCGA-61-1736-01B	0.0900538107808194	0.646452241791084	0	0.0955265531341459	0.0044961816706177	0.061666315431192	0.00797664724228814	0.0170198780739477	0.0768083718759047	0	0.657254044854416	0.795473414464106
TCGA-23-1809-01A	0.0149373667046585	0.560180511438331	0	0.21914730873255	0.00990270054946099	0	0	0.0179269844600739	0.177905128114925	0	0.463072505741436	0.887574903868169
TCGA-59-2354-01A	0.0817879271464089	0.45679753898313	0	0.0579282481977244	0	0.0455068945590539	0.241371417917082	0.0598242323765331	0.0567837408200679	0	0.765895175928853	0.670692235586507
TCGA-24-1604-01A	0.0384142744984841	0.833192024025652	0	0.0335392692243375	0.0128729565887161	0	0.0216183251813373	0.00977827286948886	0.0505848776119841	0	0.560995262444149	0.841855822017184
TCGA-25-2393-01A	0.0899869280472435	0.647182032936201	0	0.165865057965967	0	0	0.00619789251852292	0.00651802588331639	0.0842500626487498	0.002	0.329166739202269	0.94827417183267
TCGA-61-1725-01A	0.0719165744064378	0.601752127485181	0	0.0518691190667357	0.00795272110314079	0	0.102311675646103	0.0332109609095078	0.130986821382894	0	0.448104661892999	0.894281927822151
TCGA-23-2084-01A	0.069103505196189	0.625574056600461	0	0.114200141332321	0.0175763055013323	0	0.0698734858624104	0.0242104608465803	0.0794620446607057	0	0.573309184463983	0.831470357075407
TCGA-24-1567-01A	0	0.47233904339192	0	0.236161387218602	0.00845933327102656	0.0295929807071494	0	0	0.253447255411303	0	0.427155223625917	0.904305120314301
TCGA-5X-AA5U-01A	0.00105616023333675	0.886032608997923	0	0.101252772656391	0.0046882509383391	0	0.00476291080491467	0	0.00220729636909516	0	0.532066856898724	0.855508639053619
TCGA-61-1914-01A	0.0919582094702857	0.456617955814283	0	0.0583984683657488	0.00782897489425814	0.00491163874308951	0.0127961470735307	0.00153813213708535	0.365950473501719	0	0.457517035260866	0.890228102223826
TCGA-24-1845-01A	0.0677195573175646	0.794015727481418	0	0	0	0.00933942005575048	0	0.00151235492941619	0.127412940215851	0	0.476022282388229	0.881932930577694
TCGA-24-1843-01A	0.157364387173363	0.646373155005316	0	0.0517508782542385	0.0165158937480823	0.0124509298487932	0.0214594643794532	0.0276823908691758	0.0664029007215784	0	0.52340977828136	0.858058077696004
TCGA-24-2288-01A	0.061822849014956	0.605929863636406	0	0.0441634757465947	0.00876029401452294	0	0.123673946042396	0.00110759950789645	0.154541972037227	0	0.554082956756677	0.839904277357956
TCGA-09-2045-01A	0.0303264084320488	0.752220968843708	0	0.0564966681371857	0.00605664529861526	0	0.00455161478075201	0.00324684378144775	0.147100850726243	0	0.588276717680508	0.829472293646426
TCGA-29-1785-01A	0.116025358037023	0.698852431381851	0	0.050369505959321	0.00561335577715684	0	0.0280212096437852	0	0.101118139200863	0	0.494735619570388	0.87348934581649
TCGA-04-1362-01A	0.0436985414060388	0.76147144108706	0	0.0166467692434346	0.00718706766092999	0.00245235587039466	0.000592032086311472	0	0.16795179264583	0	0.561824827763398	0.841033484415435
TCGA-24-1426-01A	0.0478256100662971	0.684939602486555	0	0.103059523378566	0.0125547357230249	0.00886008973629488	0	0.0258684768667849	0.116891961742477	0	0.446395182247519	0.896435040332951
TCGA-13-1496-01A	0.106996380214266	0.70872002832362	0	0.00261184667658111	0.00991894461136094	0.00418035822960784	0.00564513909378871	0.00754425581329268	0.154383047037483	0	0.440080639486885	0.898750970706414
TCGA-04-1357-01A	0.167095252519362	0.535249489205248	0	0.0524998999971945	0.017130257730294	0.00381517531739652	0.0334558902075195	0.00135754313492766	0.189396491888058	0	0.634993197633042	0.801573000843336
TCGA-04-1519-01A	0.00250426537026235	0.908892580095125	0	0.0504746572718919	0.0104344378439835	0.000601841111647293	0	0.0076450376413813	0.019447180665709	0	0.547995850177817	0.847483056731662
TCGA-13-0905-01B	0.0158569955621018	0.584431192631862	0	0.0391932452928511	0.0163018169806055	0	0	0.00631712778961126	0.337899621742968	0	0.55579639291126	0.84306396500248
TCGA-36-1570-01A	0.0408402629637983	0.677910764628351	0	0.046427022690959	0	0.0802474806056482	0.0091942415751856	0.0680835148273065	0.077296712708751	0	0.630399243662758	0.806545895880653
TCGA-29-1693-01A	0.042570435097503	0.584260045237339	0	0.0831596857575927	0.00409430739874981	0	0.101348279338254	0	0.184567247170561	0.004	0.219080940465343	1.00085775669296
TCGA-25-2399-01A	0.085167532935553	0.620126328269031	0	0.0186791464122771	0.00382612932917917	0.00885800241476929	0.139713013348868	0	0.123629847290322	0	0.611635442530393	0.807914513674634
TCGA-09-0369-01A	0.034520829492512	0.562346791383082	0	0.31819542707754	0.0274200809631487	0	0.0555723934497269	0	0.00194447763398987	0	0.356909473076648	0.949543872586556
TCGA-24-1471-01A	0.0761856635639794	0.793807662930193	0	0.00123951611229459	0.00589761507289136	0.038449786136786	0.0023385019878765	0.016412700271309	0.0656685539246705	0	0.373316783015568	0.929533635244414
TCGA-61-1741-01A	0.067841694841558	0.649694987547912	0	0.0572242522284834	0.0180659202175473	0.00807495233859064	0.0179520813849313	0.00247732787051779	0.17866878357046	0	0.471754801953506	0.884857032335631
TCGA-13-1512-01A	0.0442639928887577	0.642235897526247	0	0.101597342318347	0	0	0.0833082051260504	0	0.128594562140598	0.002	0.348212930644114	0.941720992830454
TCGA-24-1550-01A	0.169258225582185	0.235496010032328	0	0.200646538311494	0.0390549237289577	0	0.210502173901911	0.0208424253960352	0.124199703047089	0	0.484179270377914	0.890343806445182
TCGA-61-1995-01A	0.128379686359404	0.70884668969926	0	0.0337865785647883	0.0137050793300787	0.00340646845796641	0.00134832881668818	0.00916188839826749	0.101365280373547	0	0.63081396438697	0.805662896337092
TCGA-31-1956-01A	0.302082583060345	0.294235013104654	0	0.0601163846635142	0.0290635602540074	0	0.246311597160853	0	0.0681908617566271	0	0.675057780631985	0.73850191479982
TCGA-30-1891-01A	0.105429121090013	0.485596504088767	0	0.0443335921458662	0.0174482240654544	0	0.231412743629049	0	0.115779814980851	0.002	0.335314784969937	0.96581478907355
TCGA-25-1627-01A	0.0381459175602795	0.758186454641009	0	0.0651495138595562	0.000491308613200741	0	0.0188837281706538	0.00348073073852471	0.115662346416776	0	0.500711500416456	0.871266383575833
TCGA-23-1113-01A	0.0108377337025304	0.596645276156927	0	0.0902633709761987	0	0	0.0492885756038723	0	0.252965043560471	0	0.496210782690435	0.871874091937531
TCGA-13-0762-01A	0.0211112178547444	0.848518031200402	0	0.0100537747107077	0	0.00294953723010521	0.0376754744960592	0.00187228558783927	0.0778196789201419	0	0.480441029536372	0.88004477113812
TCGA-29-1688-01A	0.13574812805922	0.502655481756569	0	0.029461065651732	0.00930482990898407	0.0144617234201299	0.0873769324069033	0.00282860185379302	0.218163236942669	0	0.546436302404093	0.8457073784967
TCGA-09-1661-01B	0.0286316946027666	0.461168603200965	0	0.209528884922657	0.0252615179750494	0.00135005215078164	0.00288235761779374	0	0.271176889529987	0	0.43847764132881	0.89903461009536
TCGA-30-1892-01A	0.0480769088560498	0.504808999795666	0	0.0636998734813269	0.0213936204485654	0	0.23107349564978	0	0.130947101768613	0.002	0.30657221288597	0.983834308758284
TCGA-36-1577-01A	0	0.493030601505741	0	0.225402811947414	0.0164902507400228	0.00405565760016442	0	0.0150747538109932	0.245945924395664	0	0.405297073570374	0.914599904117473
TCGA-13-1483-01A	0.0652564036536856	0.619764472054264	0	0.0924218725716718	0.0123209947363126	0.00384072927612339	0.125184218907025	0.00653108620053757	0.0746802226003805	0	0.488096440371824	0.873303320386794
TCGA-09-2056-01B	0.0823715110499335	0.74769372114858	0	0.0446502309629714	0.00769803220216151	0	0.00517010598817271	0	0.112416398648181	0	0.47344546576105	0.883878057534782
TCGA-24-2297-01A	0.0312258593755225	0.680335808929839	0	0.0927204883620602	0.0156629006654543	0.0615925163738704	0.000486177322910824	0	0.117976248970342	0	0.585595583893095	0.832579016553475
TCGA-24-2023-01A	0.0490096195461245	0.757457647119251	0	0.0357181726797153	0.00932271603475615	0.00235318677908936	0	0.0049784754260702	0.141160182414993	0	0.511101875600039	0.866223930656309
TCGA-23-2077-01A	0.0737874245871111	0.556726873141653	0	0.168893553092618	0.00292740450450049	0	0	0	0.197664744674117	0	0.517921453774353	0.862863472980217
TCGA-24-1549-01A	0.0525234035938168	0.718204279300399	0	0.0560592691749641	0.0193797141071184	0.0177177733612483	0	0.0140998366117555	0.122015723850698	0	0.563503176107762	0.842167892262031
TCGA-59-2352-01A	0.0635280346925713	0.543347147582114	0	0.2464936439611	0.00995406930887482	0.00923393433823249	0	0	0.127443170117107	0	0.527278116453761	0.855641825216524
TCGA-29-1705-01A	0.0783272680000351	0.596338335990666	0	0.0677506244770722	0.015310174760251	0.00679389183649111	0.194656426995523	0.00692063106272222	0.0339026468772393	0	0.64789664714006	0.772205261822794
TCGA-13-1485-01A	0.0345370730861157	0.434403876338759	0	0.137752859663817	0	0.0332267054255522	0.29032217175816	0	0.0697573137275958	0	0.743004153935365	0.67188343330661
TCGA-59-A5PD-01A	0.0139508361878873	0.792967793135353	0	0.0269475507667918	0	0.0124270326601671	0.0347447359085197	0.0441854227841373	0.074776628557144	0	0.444060283233807	0.897107798692108
TCGA-61-1907-01A	0.169070850470956	0.521867303963759	0	0.0194705521848241	0.0154847769507429	0	0	0.010604510668043	0.263502005761676	0	0.474899646037608	0.881306053480358
TCGA-24-1565-01A	0.0588087888251915	0.659516365408333	0	0.0296697753727602	0.00565944585587665	0.182254413384746	0	0.00753941938677223	0.0565517917663202	0	0.535343129270961	0.853846234595655
TCGA-20-1682-01A	0.102978237349125	0.347820264009613	0	0.0446144458582086	0.0227146529966621	0.00534083821262332	0.213924023019353	0.0362382221394423	0.226369316414973	0	0.550079783165863	0.835139159252835
TCGA-13-0884-01B	0.0392711421533974	0.674550201082825	0	0.0290927464162206	0.00920344175385389	0.0107522264480016	0.12966709447636	0.0071037186567874	0.100359429012554	0	0.476755885278235	0.879910400827455
TCGA-13-1507-01A	0.169701404160475	0.499494637326606	0	0	0.00635904751514966	0	0.0873655919681983	0	0.237079319029571	0.002	0.339027702185591	0.94598994358726
TCGA-13-0906-01A	0.0177339324844027	0.539108263777068	0	0.0640524079391622	0.000719660858060301	0	0	0.00575346197191741	0.37263227296939	0	0.551639199856418	0.844662473386036
TCGA-13-1409-01A	0.00447397155361946	0.819790265633074	0	0.0669679661459132	0.0117898775154726	0.0065362633014572	0.0264463037569956	0.0107812825010904	0.0532140695923779	0.002	0.314116365277423	0.95519076381936
TCGA-29-1768-01A	0.131514666915426	0.242402079320857	0	0.0739101999716763	5.54748008017e-05	0	0.404833549859166	0	0.147284029132073	0	0.484171531837567	0.930762581345515
TCGA-13-1495-01A	0.0291901737669828	0.705248583383956	0	0.0633005468728633	0	0	0.0395166823596016	0	0.162744013616596	0	0.598555159340808	0.823395437864633
TCGA-24-1546-01A	0.0812069905966329	0.462863318167406	0	0.0925557285043928	0	0	0.220932084123416	0	0.142441878608152	0	0.511048165209032	0.861067797451457
TCGA-24-1430-01A	0.00450716352794088	0.763242867355838	0	0.129428879324312	0.0304615878395726	0	0.011049618313352	0	0.0613098836389838	0	0.561042571464201	0.842264706454068
TCGA-09-1670-01A	0.0850802768911368	0.804600865624689	0	0.0336008165650262	0.00702140638003003	0.00219096292950035	0	0	0.0675056716096176	0	0.520880501951023	0.8611724336108
TCGA-24-1603-01A	0.0295229937111831	0.586483751420961	0	0.0308434216032549	0.0261119729897048	0.00353558800284012	0.00636715537254457	0.022990173970928	0.294144942928584	0	0.643845656943785	0.799807290459678
TCGA-24-2271-01A	0.0661811079353685	0.683004869964802	0	0.026373662082934	0.0155779279583161	0.00392420914421703	0.168622108187021	0.0058374014325224	0.0304787132948193	0	0.595406044344176	0.812365438253912
TCGA-24-2020-01A	0	0.615307496031013	0.0121052047187587	0.163225083553741	0.0421673751571995	0.00842648513416601	0	0.0324104963206666	0.126357859084456	0.004	0.261386175339591	0.97638772809837
TCGA-29-1776-01A	0.0302845315991734	0.707132751593114	0	0.0459390367820825	0.0150849960216289	0.0113053647453061	0.0961950193976653	0.0370018171052376	0.057056482755792	0	0.581845058979292	0.827214984829942
TCGA-13-0900-01B	0.0559805075286509	0.446776119554515	0	0.147587633592831	0	0	0.225446435019372	0.0155315816546848	0.108677722649946	0	0.668710890415875	0.746115595564242
TCGA-24-1425-01A	0.075510251139403	0.342422861149064	0	0.048865544405731	0.0533971610201699	0	0.430234149008473	0.0052061618561269	0.0443638714210318	0	0.822322370788102	0.568961229858987
TCGA-13-0883-01A	0.0848919732021604	0.416935184652784	0	0.0960870478032002	0.0112328544763191	0.0378822820056317	0.289593468377232	0.000775494650649684	0.0626016948320232	0	0.705471271108035	0.710584070695408
TCGA-13-0901-01B	0.0439908905830329	0.5069028659197	0	0.107468583477052	0.0107404650811834	0	0.134235984216868	0.0311299965066417	0.165531214215521	0.002	0.316692946863031	0.962597800526856
TCGA-13-0888-01A	0	0.739380411830549	0	0.210021910630239	0.0153766640456554	0	0	0	0.035221013493557	0	0.429843541269662	0.903452880730717
TCGA-29-A5NZ-01A	0.0277715138760081	0.570579859411841	0	0.168155921480487	0	0	0.232001630722163	0.00062256239970657	0.000868512109793638	0	0.515666783966247	0.86472056535589
TCGA-57-1994-01A	0.113468810476262	0.7219186407303	0	0.0489835157064954	0	0	0	0	0.115629033086943	0	0.631383689586358	0.806663611356949
TCGA-24-1105-01A	0.0466852774123726	0.669120205766868	0	0.0775320701881359	0	0	0.0655053111397756	0	0.141157135492848	0	0.428270802111022	0.904054386779167
TCGA-20-0991-01A	0.276443619294391	0.399060914827924	0	0	0.0151163382202799	0	0.0120600204000468	0	0.297319107257359	0	0.667326483617971	0.76796890277061
TCGA-61-1724-01A	0.0722375735497411	0.606037010155291	0	0.0100996630944202	0.00993541408714363	0.0125570214172905	0.105077234095578	0.0118224723909255	0.17223361120961	0	0.49208851825451	0.8732538603693
TCGA-61-1728-01A	0.045589922026435	0.761805139610361	0	0.0454428922144816	0.0223994562433839	0.0300420345243899	0.00589190868672578	0.00245395179909875	0.0863746948951241	0	0.566209170017928	0.84076242188855
TCGA-24-1844-01A	0.0211066394674036	0.67487094118474	0	0.122252945646084	0.0137649503930122	0.0537005400364959	0	0.00979128595647335	0.104512697315791	0	0.561848981947008	0.84342603519671
TCGA-61-2113-01A	0.0930049464143573	0.502280974219507	0	0.0503886032421562	0	0	0.193943357160264	0	0.160382118963715	0	0.568581156401155	0.824759181072576
TCGA-24-1464-01A	0.0450930006810244	0.759979332229024	0	0.081988283155406	0.0143134794913387	0.0288857749855382	0	0.0316679251520963	0.0380722043055721	0	0.405602836414381	0.914653640140636
TCGA-61-2097-01A	0.0719107976472804	0.421842726389313	0	0.181106079741884	0.0235595756375306	0	0.0433764922943498	0	0.258204328289642	0	0.559138442304091	0.838033874572585
TCGA-10-0927-01A	0.0042065099897544	0.701437492022725	0	0.235374887234941	0.00912021671513099	0	0.00182129174790348	0	0.0480396022895447	0	0.467918966845167	0.884946868659742
TCGA-13-0908-01B	0.0740066024695834	0.516281471520975	0	0.101932416338638	0.0211807167692225	0	0.236635777862058	0	0.0499630150395243	0	0.740245255494465	0.688915824584991
TCGA-24-1616-01A	0.0184480268590068	0.526437154704672	0	0.0594819911092984	0.00342493620026578	0	0	0	0.392207891126757	0	0.538780953887057	0.850663029050484
TCGA-04-1364-01A	0	0.811491570109752	0	0.0686114116472242	0.00437052657751448	0.0431897906176949	0	0	0.0723367010478144	0	0.420377713244129	0.908117852113342
TCGA-31-1953-01A	0.233830199597167	0.528777616924668	0	0.0251266887561339	0.00214380396910571	0.014885086904693	0.176172377118687	0	0.0190642267295452	0	0.705262407236954	0.732620876285353
TCGA-61-1911-01A	0.134859179013473	0.538592289156322	0	0.0275798212350766	0.0232875483460994	0.0132610399537729	0.00488909601901269	0.0299611801034671	0.227569846172776	0	0.509315394192825	0.865337655033928
TCGA-VG-A8LO-01A	0.00707591423088986	0.845089134490526	0	0	0	0	0.0295079487398618	0.00608633431688411	0.112240668221838	0	0.51521322848692	0.863054459661305
TCGA-23-1027-01A	0.0891803657400289	0.675469106863953	0	0.030768927566851	0	0	0.102210364023513	0	0.102371235805654	0	0.624482146546643	0.804945884633317
TCGA-10-0931-01A	0.0316189292034646	0.651406607729472	0	0.0125987548679762	0	0.00451704264107079	0.00589212383210149	0.0158777328908141	0.278088808835101	0	0.560314629025408	0.840570532881237
TCGA-24-1923-01A	0.0391360074647987	0.639867977438641	0	0.222654105515973	0.0306023530089577	0.00397935508059911	0.028460466318865	0.0140839018964391	0.0212158332757261	0	0.477454800330008	0.879548179806449
TCGA-29-1710-01A	0.156999208478666	0.487451046443658	0	0.0211095143139067	0.00701111809964033	0	0.202506312898248	0.000762337098762835	0.124160462667117	0	0.547214057707425	0.83760914333758
TCGA-24-2289-01A	0.125902588686114	0.425714717543227	0	0.0577584045695889	0	0.00431039751775793	0.331668729969601	0.00723870431647349	0.0474064573972378	0	0.809319910455054	0.599784551738196
TCGA-61-1721-01A	0.121979114505003	0.115048445219891	0	0.525486163470029	0.194780799171468	0	0.042705477633609	0	0	0	0.409882089618148	0.96733256381745
TCGA-30-1861-01A	0.00674982865629397	0.423748767409978	0	0.151168170088496	0	0	0.395265278664405	0	0.0230679551808265	0	0.735618204740149	0.686508212084152
TCGA-13-0795-01A	0.176346740565354	0.545733617862384	0	0.00830709735490161	0.0101617218885803	0.0163843134626466	0.0356376353344286	0.0162606911157222	0.191168182415983	0	0.571498245951357	0.832658433991964
TCGA-04-1648-01A	0.0388400378430992	0.395655950870853	0	0.0435140351581255	0.00183169672333452	0.0257450430341725	0	0	0.494413236370415	0	0.631604911855109	0.798878358514982
TCGA-04-1347-01A	0.00686753009227332	0.795852878351235	0	0.0690082928826883	0	0	0.0262070290888498	0.0023017665572359	0.099762503027718	0	0.385539799360461	0.92375366647879
TCGA-25-1631-01A	0.0358033113104406	0.661587823609724	0	0.0914474205705674	0.023692368023315	0.00147545392523108	0	0.00366150619790371	0.182332116362818	0	0.54932577052179	0.849453965525756
TCGA-04-1655-01A	0.00475381130113699	0.739006959915512	0	0.113313723235194	0	0	0	0	0.142925505548157	0.002	0.334920391939932	0.945540826347864
TCGA-59-2351-01A	0.124844502329558	0.564702516277889	0	0.157328931830907	0.00578558636114084	0	0.0102158156976763	0	0.137122647502829	0	0.613358741080616	0.814678113373076
TCGA-13-1487-01A	0.0158650414823182	0.574948508683032	0	0.132948960234105	0	0.00987866049724468	0.127822321826885	0	0.138536507276415	0	0.470081680316042	0.882893288200883
TCGA-24-2038-01A	0.0282323281166249	0.741242104757911	0	0.0484961674493029	0.0255509199217898	0.0295391504460785	0	0.000474556086072933	0.126464773222219	0	0.479299767862769	0.88156873223557
TCGA-31-1946-01A	0.118243548131049	0.52356746447161	0	0.0207081606113486	0	0	0.251197704818502	0.0100303793423736	0.0762527426251172	0	0.668451164535354	0.751503994905048
TCGA-29-1774-01A	0	0.418747409616632	0	0.321818796006582	0.00302178176772082	0	0	0	0.256412012609065	0	0.417305594657944	0.910437128324988
TCGA-61-2111-01A	0.0718546692723326	0.680330360599723	0	0.0585613978184565	0.0193970299377118	0.00359498030363287	0	0.0323708793373923	0.133890682730751	0	0.567346315985012	0.83960911668174
TCGA-24-0982-01A	0.012024687248454	0.560927516821013	0	0.168358324664603	0.000671641712285438	0	0.0239880601726759	0	0.234029769380968	0	0.47411185368424	0.882258454661357
TCGA-13-1511-01A	0.048797479797275	0.603801014894436	0	0.060394485850692	0.0126537796312969	0.00694127708225456	0.11687751120537	0	0.150534451538676	0	0.581334295235	0.825485536565655
TCGA-31-1944-01A	0.0583134345608148	0.528880602765922	0	0.135952822762713	0.00722843828408133	0	0.0571965121864636	0	0.212428189440005	0	0.589267743531671	0.823953570208632
TCGA-23-1116-01A	0.154252020672398	0.35267593872611	0	0.0652642729308801	0.00557427228961368	0	0.213952664890979	0	0.20828083049002	0	0.530183709261407	0.848029601287631
TCGA-13-2060-01A	0.127736059000465	0.597808831197101	0	0.0189229118533965	0.00762623396516297	0.0129086184781989	0.101609321058353	0.0796866538190888	0.0537013706282341	0	0.446263343818949	0.895188062707763
TCGA-24-2026-01A	0.0838131304367333	0.703073264477303	0	0	0.000991672473196556	0	0.0346640078726506	0	0.177457924740117	0	0.431227066297971	0.902894053813894
TCGA-13-0766-01A	0.0746654508519514	0.604026051860406	0	0.0339357940806353	0.0207000933210582	0.00242517013189899	0.0186375293610856	0.0452404374969338	0.200369472896031	0	0.558323218704219	0.842851962777803
TCGA-25-1320-01A	0.0674361033544936	0.508465657501441	0	0.0228594144562605	0	0	0.308719958461236	0	0.0925188662265693	0	0.53638618658787	0.848566508824072
TCGA-24-2033-01A	0.0338827993310101	0.662261795307234	0	0.09359272616506	0	0	0.11950876889953	0	0.090753910297166	0	0.513040390747574	0.860246818342263
TCGA-09-2053-01C	0.0571996028252842	0.689157913561859	0	0.164875999581118	0	0	0	0	0.0887664840317388	0	0.449115928560574	0.894903418033806
TCGA-24-1557-01A	0.028782106806617	0.696317836865546	0	0.0413671190367026	0	0.000349705339658555	0	0.00253908698015557	0.23064414497132	0	0.508303173447796	0.867103629121301
TCGA-30-1718-01A	0.0370102785360339	0.518291482722449	0	0.0680111092475375	0	0	0.144056751913109	0	0.23263037758087	0	0.431852553127507	0.902869474449439
TCGA-36-1571-01A	0.010617587449452	0.784237871629991	0	0.0940187785170326	0	0.0490975973904848	0	0	0.0620281650130398	0	0.460152098260929	0.890121514521754
TCGA-13-0897-01A	0.0641915923442748	0.554404448917763	0	0.0340667159847581	0	0.00421879269098897	0.110051773165838	0	0.233066676896377	0	0.512599755383189	0.862286564887802
TCGA-23-1111-01A	0.00777031728476982	0.718809991572424	0	0.0981353356722157	0.017397838965974	0	0.00523416747326809	0	0.152652349031349	0	0.508989669337893	0.867742595270744
TCGA-29-1701-01A	0.116446146553937	0.453813210265713	0	0.0377987764862203	0.00232876884915999	0	0.0938427144867097	0.0108635522458427	0.284906831112418	0	0.419732598431274	0.907872520569141
TCGA-13-0797-01A	0.0528851351505681	0.543370198417325	0	0.0148466101440177	0.00865308320427139	0.00449837666264166	0	0.0126850301401622	0.363061566281014	0	0.624713377323919	0.806187096525586
TCGA-25-1315-01A	0	0.661557337998573	0.000283700223755162	0.125879913378515	0.00674534798812547	0.0411034791439285	0	0	0.164430221267103	0	0.447186685214605	0.895941768862875
TCGA-61-1900-01A	0.00417218498516655	0.575802130656594	0	0.234133588168838	0.00884623881289314	0	0	0.0183087814296209	0.158737075946888	0	0.513867140792736	0.862514324596198
TCGA-24-1467-01A	0.0355199381192928	0.680255573299569	0	0.0797455532006277	0	0.169959582597966	0	0.0195170437423981	0.0150023090401468	0	0.536102963801961	0.853974625175884
TCGA-13-0726-01A	0.0558308209759671	0.628198769666517	0	0.00725972346001765	0	0.00822726265664544	0.0475522010498967	0	0.252931222190956	0	0.422268180647053	0.90685911082513
TCGA-09-0367-01A	0.0649094254611808	0.735356089933381	0	0.0107881350987097	0.0157582763542207	0.0144885153974484	0	0	0.158699557755059	0	0.483428214366131	0.878870884699873
TCGA-25-1317-01A	0.0135530641658571	0.672940287211093	0	0.147330246670412	0.00599738115522937	0	0.034204259650724	0	0.125974761146685	0	0.432642866007918	0.902046100058674
TCGA-13-1506-01A	0.0288045375368563	0.60667161094254	0	0.0106238939960429	0.00161818628369465	0	0.00300500290715033	0.00872804049950198	0.340548727834214	0	0.507900136424355	0.865692721219011
TCGA-25-1623-01A	0.162004922998191	0.352571277689772	0	0.0635261449527492	0.00033316734181924	0	0.301761928409069	0	0.119802558608399	0	0.555423125581842	0.837554000430753
TCGA-04-1331-01A	0.0198422257818161	0.65088192983101	0	0.0876485430278658	0	0.00917430817579994	0.0788066268565722	0.00710590640831497	0.146540459918621	0	0.581326151911858	0.828026992674373
TCGA-23-1114-01B	0	0.578315202858381	0	0.204221805003691	0.00136010181332653	0	0.0248414389129189	0	0.191261451411682	0	0.593172421272225	0.820952070107241
TCGA-25-1626-01A	0.132396693439868	0.294008184556866	0	0.0574645348211698	0.00128350844950455	0	0.456512628553935	0	0.0583344501786569	0	0.830438743070032	0.55815420725677
TCGA-10-0937-01A	0.0674399129983945	0.650906389899125	0	0.0232647125431766	0.00526464704159405	0.0250229377845525	0.0172833243746283	0.0429951682589534	0.167822907099575	0	0.521945132741203	0.860398490868918
TCGA-23-1024-01A	0.0233534941876851	0.869831944827307	0	0.0470082452804531	0.0163746060151349	0.00596770068607202	0	0.00980106388769523	0.0276629451156524	0	0.354761186152314	0.937651417093182
TCGA-23-1110-01A	0	0.86677295949169	0	0.0529386181502264	0.0101489822382419	0.022849362842472	0	0	0.0472900772773701	0	0.491443307233329	0.87521243411264
TCGA-25-1870-01A	0.060070435730351	0.70331210390293	0	0.112258049049903	0	0.00477971467136755	0	0	0.119579696645448	0	0.531576798028574	0.857455951936877
TCGA-13-0920-01A	0.0099655824055288	0.602999788581942	0	0.126740944104625	0.00462808187396284	0.0340262969048206	0	0.0044726021171731	0.217166704011947	0	0.412966093399994	0.911126376328326
TCGA-25-2396-01A	0.0494978663969963	0.56208495812179	0	0.0464808605825541	0.00729220573051388	0	0.0540177307608571	0	0.280626378407288	0	0.519712778020125	0.860982404454921
TCGA-20-0987-01A	0.236017755225496	0.470711145053855	0	0.0082431104057291	0.00886744550627042	0	0.0037778524397672	0	0.272382691368882	0	0.486888236710039	0.874078761501651
TCGA-29-1769-01A	0.0549498045307245	0.577330979394655	0	0.0317093105555171	0	0	0.0980799616940845	0.00455288349064005	0.233377060334378	0	0.408498028791716	0.913196232472365
TCGA-10-0938-01A	0	0.726703995282453	0	0.0310372045867112	0	0.144123042087907	0	0	0.0981357580429287	0	0.427994892218123	0.904334747059265
TCGA-10-0928-01A	0.0215412980775526	0.827917880009344	0	0.0567349706976691	0.0215803765251052	0.0169423974158992	0	0.0139754986328702	0.0413075786415597	0	0.45307519377083	0.893346974627843
TCGA-09-2054-01A	0.0211203097873818	0.549758374585261	0	0.272951149389161	0.0433581099322642	0	0.0335843018265167	0.0180130355239239	0.0612147189554913	0	0.442143486574077	0.897697521399016
TCGA-13-1497-01A	0.0305800805133546	0.521066777040807	0	0.0981525772959594	0.00935770718842773	0.00404021985130743	0.0514010592156848	0.0156606058774732	0.269740973016986	0	0.560519119684909	0.840183142975758
TCGA-24-2036-01A	0.0118833934039816	0.660402762004228	0	0.151976581582264	0	0.103046315284759	0	0	0.0726909477247676	0	0.542319949576054	0.851575791614581
TCGA-04-1338-01A	0.119427656103963	0.419148016254381	0	0.113686157710309	0	0.00665106590331396	0.262997891830599	0.0299209774161978	0.0481682347812363	0	0.649975115409666	0.759941345073708
TCGA-24-1424-01A	0.0434396103504626	0.600447617662362	0	0.165235535796583	0.0149214328302029	0	0.059335292625886	0	0.116620510734504	0	0.535678565757724	0.850127081718403
TCGA-29-1766-01A	0.0558002534235307	0.436029722167169	0	0.0636010225553991	0	0	0.246410204838455	0	0.198158797015446	0	0.434720256809066	0.91122396396633
TCGA-13-0720-01A	0.00928639277509359	0.660455850476396	0.00228331417577583	0	0.00962381600494175	0.0647805368245341	0.0157629321418933	0.0208661656114011	0.216940991989964	0	0.529898197338331	0.856281289489149
TCGA-24-1417-01A	0.135592018452397	0.51867390042889	0	0.0582463724647744	0.0202377864983552	0	0.122660561487657	0.00383806278942147	0.140751297878505	0	0.553699154987036	0.838423527126991
TCGA-59-2363-01A	0.0147750190502107	0.498891662585749	0	0.14361753001924	0	0	0	0.0206748845379804	0.322040903806821	0	0.555953630829041	0.843484633118858
TCGA-13-1492-01A	0.0300248954885596	0.614898110662616	0	0.101374092606987	0.015946830312285	0.00467887997502605	0	0.0593510858077358	0.17372610514679	0	0.439201515532315	0.899431005514151
TCGA-29-1762-01A	0.0115152141655328	0.39022265146199	0	0.171450465541907	0.0122561367468484	0	0	0.000909015456960301	0.413646516626762	0	0.450013511055728	0.893377187818529
TCGA-20-1683-01A	0.0411669066556786	0.599818767688609	0	0.216009915612133	0.00121381057388595	0	0.0125349036261976	0.0412448671241996	0.0880108287192966	0	0.383460892342366	0.925116196126444
TCGA-24-2262-01A	0.0756306432703556	0.567862010426051	0	0.0585993473228241	0.0351320190620342	0	0.0534798451859829	0	0.209296134732752	0	0.45957181532766	0.889783480734533
TCGA-13-0800-01A	0	0.667222795606561	0	0.14671255996995	0	0.0592550298573478	0	0	0.126809614566141	0	0.406698738683585	0.913949419877391
TCGA-57-1584-01A	0.0445400331540963	0.673070996437869	0	0.0522670589666581	0.00200255134282634	0	0	0	0.22811936009855	0	0.604276343605809	0.821106195347532
TCGA-24-2254-01A	0.122675262415704	0.547452166996052	0	0.23329667631556	0.0206684115966954	0.0115121074789241	0.0439705144993522	0	0.0204248606977126	0	0.643074373701613	0.785598159161308
TCGA-24-1930-01A	0.151247661480088	0.495578148670302	0	0.0657068923939264	0.00159951560728329	0	0.120898965878546	0	0.164968815969854	0	0.603277176710199	0.810099760056419
TCGA-24-1427-01A	0.0979840763021669	0.49412857807939	0	0.0657624274846802	0.00250087699405125	0	0.236490204625732	0	0.103133836513979	0	0.598197123845097	0.801971865009559
TCGA-24-1850-01A	0.087867888982217	0.422823582543755	0	0.158112909260503	0	0	0.128043266654768	0	0.203152352558757	0	0.445930849443569	0.896700354100612
TCGA-29-2414-01A	0.0171447311454041	0.550174428723345	0	0.166947290306903	0	0.0112556526058896	0.14476045332833	0	0.109717443890129	0	0.581209884457396	0.816031733524467
TCGA-24-2024-01A	0.0492191911450956	0.612046750571432	0	0.145964424715797	0.0094046117473923	0.00752372631715049	0.0784724048740938	0	0.0973688906290382	0	0.561556963870086	0.83561157406052
TCGA-24-2298-01A	0.0489835878933439	0.510393712642144	0	0.0782046650023177	0.0285189414834965	0.0113276797585694	0.187968637272309	0	0.13460277594782	0	0.515678259062914	0.856801870137084
TCGA-23-1107-01A	0.0427178927525073	0.573533174695102	0	0.021453157404602	0.0049956167329373	0.00180894696606983	0.000915883070551852	0.0311456988149893	0.323429629563241	0	0.485647647103524	0.876848620450337
TCGA-23-1028-01A	0.0413025588732273	0.571331705350594	0	0.0421569753622474	0.0226838512980213	0.00402776827314272	0	0.0153684080578899	0.303128732784878	0	0.490953633938401	0.875182578714112
TCGA-29-1778-01A	0.0611553714441616	0.763871027408503	0	0.0532738376619818	0.0354247495429251	0.0111739820871702	0.0150931743605824	0	0.0600078574946758	0	0.538710367654322	0.853925496416539
TCGA-13-0724-01A	0.0297708836357328	0.626008260154695	0	0.0336762794642099	0.000102954711463171	0	0.0492711991178094	0	0.26117042291609	0	0.545488588427519	0.84856095385151
TCGA-25-2042-01A	0.0727148369610928	0.293402672255512	0	0.0392426691016289	0.0179881904372726	0	0.558633443134493	0	0.0180181881100006	0	0.874924557124599	0.500486958832639
TCGA-09-0364-01A	0	0.701097712023632	0	0.257024869021627	0.00274391550930487	0	0	0	0.0391335034454365	0	0.368645480853892	0.932824472673775
TCGA-29-1784-01A	0.162806556505468	0.48425669831286	0	0.0587304717687466	0.0130913196549352	0.0197588435396609	0	0.0327255113831461	0.228630598835184	0	0.597898954974469	0.819840052693929
TCGA-29-1691-01A	0.0793578192818792	0.550083852805062	0	0.0643595546526985	0.0240507214572989	0.0255233131630159	0.0160506658956102	0.0733669015351943	0.167207171209241	0	0.515001714530288	0.863366136328583
TCGA-61-1919-01A	0.150047481532335	0.42086226621508	0	0.076907739438791	0	0	0.235247911905928	0	0.116934600907866	0	0.60111556674424	0.799374445578776
TCGA-25-1633-01A	0.093713218834094	0.415764786419356	0	0.164920368035959	0.00299810934161885	0	0.281957539179354	0	0.0406459781896181	0	0.646997149139968	0.764075830098029
TCGA-29-1761-01A	0.167181520192645	0.456087041030352	0	0.0348005745606543	0.00337456308057052	0.0110905839306233	0.0157093709874243	0.0354337681893736	0.276322578028357	0	0.374934685987187	0.929187522326189
TCGA-57-1582-01A	0.0384217374510098	0.595004345344775	0	0.0428809886239454	0	0	0.068925824060671	0	0.254767104519599	0	0.451906124005818	0.892933734593146
TCGA-04-1350-01A	0.0106981971903132	0.923218467593625	0	0.0277764140783204	0.00947580816107502	0.0013053055908536	0	0.0179858670935546	0.00953994029225784	0.002	0.320712396407785	0.953732510601194
TCGA-24-2027-01A	0	0.581751779802674	0	0.220537142429928	0.00498562769634207	0.0579435789893608	0	0.0147508849516295	0.120030986130065	0	0.50159247708308	0.869094458209211
TCGA-23-1122-01A	0.0395331804855478	0.583083941777758	0	0.0614543231615946	0.000404903769987282	0	0.0304297364344137	0	0.285093914370699	0	0.558131864790782	0.842856574521932
TCGA-09-2048-01A	0.0110696058842947	0.498544542062132	0	0.205514615795925	0	0.0444663723234249	0	0.00219013519877655	0.238214728735446	0.002	0.305796488278347	0.958740056447505
TCGA-13-0727-01A	0.0492248071376521	0.707165870082187	0	0.0854691882677058	0.000755821250441677	0	0.00799838124764281	0	0.149385932014371	0	0.504527721753356	0.869841901575362
TCGA-24-1562-01A	0.0438094619280183	0.662455117835057	0	0.0329948530292809	0.00368068459355026	0.00639328758389284	0.15500215316431	0	0.0956644418658907	0	0.564333646020043	0.831747012956111
TCGA-24-1563-01A	0.0933721349774505	0.339104859236304	0	0.0857248680958071	0.0163222661666359	0.0110225022410147	0.223857017723552	0	0.230596351559236	0	0.739635947970221	0.695277494864828
TCGA-57-1586-01A	0.0498638642386919	0.725459218218559	0	0.0458057811430254	0	0.0577225279941095	0	0.0129629738545316	0.108185634551082	0	0.575483847813802	0.83572537609626
TCGA-31-1951-01A	0.117414598576162	0.530772970011063	0	0.0628867500505255	0.0219739843436588	0	0.174809979447875	0.00796236167943259	0.0841793558912836	0	0.647622658223337	0.775780301452291
TCGA-13-0885-01A	0.136464561634502	0.626161376977448	0	0.0205144951664775	0	0	0.031321148187894	0	0.185538418033678	0	0.534708578648266	0.853424611237053
TCGA-36-1568-01A	0.0781445574495269	0.703969587965777	0	0.104695134639681	0.00925233426279697	0	0.0539899342810309	0	0.0499484514011874	0	0.471319141022882	0.883754743010515
TCGA-61-2109-01A	0.0487259310537539	0.850639575106145	0	0.0122519604762643	0.00456277130559796	0	0.00270399536910859	0	0.08111576668913	0	0.56602672168785	0.838411281901047
TCGA-24-1560-01A	0.0221642984707383	0.740879213423507	0	0.114232224853266	0	0	0	0.00180120717613454	0.120923056076355	0	0.599127290343709	0.824607590107148
TCGA-13-0886-01A	0.104743818045876	0.378232812125862	0	0.0776054441584071	0.0106789904103237	0.0028532753294322	0.164667806215229	0.0179406063746899	0.24327724734018	0	0.650512219955018	0.774114296471072
TCGA-61-1998-01A	0.0940198013216145	0.557293482672931	0	0.138156923585173	0.011353674800485	0	0.0770697990000791	0	0.122106318619718	0	0.570494822651726	0.831067340293191
TCGA-04-1332-01A	0.0354544004178412	0.496517549088007	0	0.237941178719908	0.0556550407927258	0	0.110112234814115	0	0.0643195961674029	0	0.633103742840469	0.780661758683547
TCGA-61-2088-01A	0.0111909841961249	0.922361757313728	0	0.0384660300550906	0.0137665897302021	0.00280031467941131	0.0069475884920481	0	0.00446673553339513	0	0.46190610411987	0.888945427501129
TCGA-24-1470-01A	0.11949828169774	0.652482970616651	0	0.0151571451933483	0.0349334036907493	0.00244455496070408	0.0405909092316263	0.00631575276256532	0.128576981846616	0	0.560879674017199	0.841522674000875
TCGA-24-1434-01A	0.13363913084526	0.395045506980984	0	0.034450126111835	0	0	0.352181010327259	0	0.0846842257346629	0	0.756598139605518	0.656463478235224
TCGA-25-1628-01A	0.101054833374923	0.466445952835212	0	0.1496863574644	0	0.00133183799859776	0.277941845547616	0.000889396063762671	0.00264977671548858	0	0.754064165544353	0.660667151533455
TCGA-24-1423-01A	0.0416383481444079	0.576662428393134	0	0.0855677930167957	0.0336891915572124	0.00897664331680225	0.0209337628549767	0	0.232531832716672	0	0.60760738137705	0.820800721441838
TCGA-23-1118-01A	0.070264229998201	0.649276541211975	0	0.0446516031811234	0.0155029782684209	0.00861827627858277	0.0398238011466895	0.0639489989130156	0.107913571001991	0	0.62518530228233	0.80817193748172
TCGA-24-1435-01A	0.0783978113281275	0.425077138660558	0	0.0556763532322527	0	0	0.22596359579397	0	0.214885100985092	0	0.660365623209399	0.759432591197889
TCGA-57-1583-01A	0.00987139798024598	0.615167043768851	0	0.10692049540894	0.00467005281845001	0	0.047133204119637	0	0.216237805903877	0	0.50113086503616	0.869562686067016
TCGA-25-1630-01A	0.196231316694552	0.468586507806814	0	0.103471435477713	0.00942377475247453	0.00145493497699628	0	0	0.22083203029145	0	0.477954164365607	0.879923808667763
TCGA-36-1581-01A	0.161184618673191	0.430832345897202	0	0.066553142059258	0.00911212488852884	0	0.0227574184043639	0.101566124373206	0.207994225704251	0	0.677529527449221	0.768950858993283
TCGA-36-1574-01A	0.0920632790470481	0.579205930401613	0	0.0576213837036444	0.00898906348513455	0.0101493470165192	0.133295701893405	0.00300337024028149	0.115671924212354	0	0.602372654180815	0.81141801556152
TCGA-23-1030-01A	0.0280507914747201	0.693294094163058	0	0.0879220911196904	0.00441481694748785	0	0.0200356427866682	0	0.166282563508375	0	0.45845432931596	0.890759957274353
TCGA-13-0911-01A	0.136865610523689	0.526370640011966	0	0.0258550514267996	0.00340822072174087	0	0.119092566137937	0	0.188407911177867	0	0.484424572969099	0.875793739422452
TCGA-61-2101-01A	0.0145413395738911	0.691846996292141	0	0.0634439104401473	0	0	0.138242503727845	0	0.0919252499659758	0	0.525206865171391	0.85336376988495
TCGA-25-1318-01A	0.0693792346453969	0.520461839328055	0	0.038326789324032	0.00679882520264138	0	0.0875656063695364	0.000336689643220322	0.277131015487117	0	0.619550230612416	0.808525726118698
TCGA-09-1665-01B	0.0350651091178508	0.587990388855971	0	0.0340460072902438	0.00623049035430891	0	0.00678589438739159	0	0.329882109994233	0	0.460307022847336	0.889162201908588
TCGA-13-1499-01A	0.109378968428944	0.432176698242424	0	0.127153472043902	0.0100182687446924	0.00404082512672073	0.170195175541487	0.00583929172817426	0.141197300143656	0	0.581305870065572	0.815269563104593
TCGA-13-0923-01A	0.0334122024869012	0.517561973603532	0	0.0266677556095921	0.00631081792894508	0.00814291205212876	0	0	0.407904338318901	0	0.531256910627177	0.853657156691945
TCGA-09-1668-01B	0.113249953943214	0.662190050017945	0	0.0325019432792923	0.0304633835974526	0	0.0863346137604834	1.61791733031187e-06	0.0752584374842831	0	0.583932495709311	0.827529875919095
TCGA-25-2391-01A	0.0905990793259888	0.595575426422234	0	0.0436424841907878	0.0153937788273718	0.00621069601738841	0	0.00208109695174879	0.24649743826448	0	0.591664374473733	0.827147860849707
TCGA-61-2002-01A	0.130037765622224	0.489772121916462	0	0.0560156847471069	0	0	0.22737740494433	0	0.0967970227698764	0	0.604804628178089	0.797954250658619
TCGA-29-2428-01A	0.108926265436887	0.702851991666872	0	0.0357416937032626	0	0	0.0183883213069434	0	0.134091727886035	0	0.377193789823295	0.927243593176958
TCGA-24-0968-01A	0.121365403117749	0.505265897590266	0	0.0669668335517134	0.0225065773670334	0.00958135554252154	0.120173300104646	0.00969564069741118	0.14444499202866	0	0.575575045565118	0.826587071370535
TCGA-09-1666-01A	0.0886741941674156	0.595648536817792	0	0.0544589587169344	0.0281667661171497	0.00591909751928206	0	0.00465322293260335	0.222479223728822	0	0.558564545403401	0.844135885472677
TCGA-13-1403-01A	0.0283500519357548	0.577856349281874	0	0.0348207346563959	0.0160975626045153	0.0089554539932783	0.0849400636505602	0.00458950609891493	0.244390277778706	0.002	0.328877186338749	0.949165469451448
TCGA-30-1860-01A	0.152776395135484	0.395002680868601	0	0.047107696043234	0.0191460091355197	0.0132406765304139	0.0702414230804959	0.0418944211326388	0.260590698073613	0	0.562047879671687	0.83586106330521
